10
SRR28752446 0.0000000 0.0000010 0.0000010 0.0000010 0.0010987 0.0011000 0.0011000 0.0011000 0.0011553 0.0023145 
SRR28752449 0.0000010 0.0000000 0.0000010 0.0000010 0.0011129 0.0011142 0.0011142 0.0011142 0.0011553 0.0023145 
SRR28752451 0.0000010 0.0000010 0.0000000 0.0000010 0.0000010 0.0000010 0.0000010 0.0000010 0.0011553 0.0023145 
SRR28752455 0.0000010 0.0000010 0.0000010 0.0000000 0.0000010 0.0000010 0.0000010 0.0000010 0.0011553 0.0023145 
SRR28752450 0.0010987 0.0011129 0.0000010 0.0000010 0.0000000 0.0010072 0.0000010 0.0000010 0.0011553 0.0023145 
SRR28752447 0.0011000 0.0011142 0.0000010 0.0000010 0.0010072 0.0000000 0.0000010 0.0000010 0.0011567 0.0023175 
SRR28752448 0.0011000 0.0011142 0.0000010 0.0000010 0.0000010 0.0000010 0.0000000 0.0000010 0.0011567 0.0023175 
SRR28752454 0.0011000 0.0011142 0.0000010 0.0000010 0.0000010 0.0000010 0.0000010 0.0000000 0.0011567 0.0023175 
SRR28752452 0.0011553 0.0011553 0.0011553 0.0011553 0.0011553 0.0011567 0.0011567 0.0011567 0.0000000 0.0011553 
SRR28752453 0.0023145 0.0023145 0.0023145 0.0023145 0.0023145 0.0023175 0.0023175 0.0023175 0.0011553 0.0000000 
